phaseStruct.eq_2501.PLMN.azRange = [285.1988 286.4463];
phaseStruct.eq_2494.PLBR.azRange = [78.9791 81.3623];
phaseStruct.eq_2251.PLLL.azRange = [350.7231 353.6161];
phaseStruct.eq_2311.PLMN.azRange = [206.2721 2208.7801];
phaseStruct.eq_2312.PLAR.azRange = [316.5465 317.3754];
phaseStruct.eq_2436.PLSS.azRange = [31.7797 36.4053];
phaseStruct.eq_1786.PLLL.azRange = [352.7283 355.0328];
phaseStruct.eq_1951.PLSQ.azRange = [83.3039 89.2171];
phaseStruct.eq_1864.PLLL.azRange = [348.6296 9.6783];
phaseStruct.eq_1870.PLLL.azRange = [307.9709 341.4588];
phaseStruct.eq_2000.PLLL.azRange = [111.1737 116.7470];
phaseStruct.eq_2042.PLAR.azRange = [309.4759 309.9491];
phaseStruct.eq_2043.PLLA.azRange = [85.6771 102.9780];
phaseStruct.eq_2046.PLSS.azRange = [26.9649 30.5102];
phaseStruct.eq_2049.PLSS.azRange = [310.4107 312.5501];
phaseStruct.eq_2050.PLSS.azRange = [316.7099 319.8128];
phaseStruct.eq_2054.PLSM.azRange = [164.3991 165.9358];
phaseStruct.eq_2055.PLSM.azRange = [168.3177 169.5298];
phaseStruct.eq_2056.PLSM.azRange = [164.3951 166.2994];
phaseStruct.eq_2057.PLSM.azRange = [148.0709 216.9078];
phaseStruct.eq_2119.PL03.azRange = [190.8001 191.9597];
phaseStruct.eq_2152.PLMD.azRange = [79.7481 84.8677];
phaseStruct.eq_2153.PLMD.azRange = [81.1246 83.3027];
phaseStruct.eq_2161.PLSS.azRange = [45.2813 50.1583];
phaseStruct.eq_2165.PL03.azRange = [225.1553 225.3898];
phaseStruct.eq_2165.PLCM.azRange = [186.0248 191.5042];
phaseStruct.eq_2165.PLMD.azRange = [356.8745 357.1131];
phaseStruct.eq_2166.PLBR.azRange = [312.5034 314.7196];
phaseStruct.eq_2177.PLAR.azRange = [244.4491 245.6112];
phaseStruct.eq_2177.PLMD.azRange = [81.4502 82.6996];
phaseStruct.eq_2210.PLLA.azRange = [79.8734 88.4926];
phaseStruct.eq_2217.PLSS.azRange = [148.8064 173.4394];
phaseStruct.eq_2223.PLSS.azRange = [161.3841 165.5371];
phaseStruct.eq_2247.PLSS.azRange = [171.6666 180.1081];
phaseStruct.eq_2249.PLLL.azRange = [346.7706 353.2621];
phaseStruct.eq_2267.PLBR.azRange = [173.7003 176.0948];
phaseStruct.eq_2272.PLBR.azRange = [117.5875 119.4438];
phaseStruct.eq_2273.PLBR.azRange = [109.3962 116.3601];
phaseStruct.eq_2276.PLLL.azRange = [351.9877 354.9036];
phaseStruct.eq_2295.PL03.azRange = [223.7522 223.2935];
phaseStruct.eq_2313.PLLL.azRange = [343.0760 344.0571];
phaseStruct.eq_2314.PLBR.azRange = [37.2560 41.8679];
phaseStruct.eq_2324.PLLA.azRange = [98.2568 99.8738];
phaseStruct.eq_2347.PLJR.azRange = [142.5602 144.4318];
phaseStruct.eq_2382.PLLL.azRange = [342.3862 345.6653];
phaseStruct.eq_2386.PLSM.azRange = [180.9906 182.5910];
phaseStruct.eq_2390.PLMN.azRange = [207.0812 208.4406];